100_at,10396_at,10455_at,10737_at,10974_at,11031_at,1543_at,1645_at,1832_at,217_at,23048_at,23531_at,2487_at,2571_at,25984_at,26575_at,29015_at,2995_at,3226_at,3398_at,3569_at,3625_at,387066_at,3872_at,4109_at,415_at,4256_at,440498_at,441168_at,4499_at,50964_at,55510_at,55536_at,56892_at,5696_at,5865_at,7079_at,7134_at,7291_at,730755_at,7378_at,7490_at,84561_at,85027_at,85480_at,894_at,8971_at,9473_at,95681_at,AFFX-HUMRGE/M10098_5_at,label
8.72,3.58,9.76,4.38,9.74,9.60,6.65,6.28,11.38,4.99,8.55,11.61,4.12,5.98,8.82,6.32,10.31,5.18,4.82,8.11,9.70,6.14,9.46,9.86,4.05,4.14,4.19,8.58,8.31,4.25,3.57,4.09,10.65,7.26,9.52,7.85,7.27,4.16,8.62,10.34,10.79,5.37,7.61,7.97,3.63,4.18,9.23,5.50,9.60,13.65,0.00
10.73,8.01,10.72,4.84,4.66,3.97,4.93,3.83,4.16,5.63,10.30,10.40,3.75,4.51,3.80,4.31,8.17,10.44,4.93,6.58,4.28,4.51,10.24,3.80,3.75,4.80,3.96,3.78,4.17,4.75,3.96,3.60,11.20,3.50,11.07,4.39,3.99,3.68,3.07,4.65,3.13,8.02,4.69,5.36,3.89,4.13,11.16,5.23,8.46,13.41,1.00
7.99,3.68,11.34,4.45,4.67,4.96,4.99,4.43,5.34,10.93,8.92,10.24,3.55,5.67,3.97,6.19,9.84,10.93,6.66,10.98,9.54,10.88,12.37,4.06,3.88,6.61,3.73,8.77,5.53,4.14,4.12,3.94,10.19,3.69,9.83,7.63,4.28,3.46,3.59,9.83,8.44,7.56,7.55,9.47,3.75,3.92,9.14,4.49,8.89,13.93,0.00
6.71,3.69,11.26,3.86,8.75,10.47,5.15,7.55,7.53,8.35,8.75,10.57,3.97,4.15,4.53,7.40,4.86,8.32,4.56,5.58,9.63,4.77,11.29,4.39,3.87,4.19,5.32,6.35,6.62,4.63,3.77,3.81,3.55,3.41,9.39,9.19,3.71,3.24,8.97,11.05,8.34,5.85,7.20,9.75,5.64,3.83,8.96,8.71,8.94,12.85,1.00
7.61,4.08,11.05,3.84,7.50,9.05,4.78,4.55,11.47,5.40,10.03,8.40,3.74,5.52,3.85,5.31,9.43,5.43,5.66,7.25,7.61,4.37,9.51,7.57,3.88,4.53,4.34,7.54,6.87,3.58,3.63,3.60,8.32,3.86,8.42,9.29,4.33,4.79,8.66,12.55,10.31,3.99,4.88,6.67,6.14,3.87,9.27,4.91,8.25,13.30,0.00
7.68,3.66,10.50,3.78,4.26,8.47,6.27,4.28,9.75,5.17,8.25,8.13,3.98,5.97,3.64,7.06,10.43,9.69,10.13,7.52,6.55,4.35,12.23,3.95,4.98,6.70,4.35,8.62,4.16,3.60,3.89,3.64,7.91,3.80,8.99,4.27,3.86,3.60,9.23,4.60,10.13,5.13,7.01,6.57,3.90,3.91,9.30,5.25,8.98,11.24,0.00
8.11,4.34,10.97,4.23,4.18,8.05,5.53,3.98,4.36,10.60,9.36,8.40,3.81,6.85,3.57,4.02,5.16,4.65,10.30,10.72,4.14,4.62,12.05,3.95,3.92,4.43,10.19,7.96,3.88,3.97,3.89,3.84,4.51,4.99,6.36,5.36,3.80,7.70,12.10,4.53,6.78,3.89,4.30,7.46,3.75,12.17,8.87,5.09,9.27,13.96,1.00
12.42,4.98,10.27,4.58,4.20,4.18,5.68,4.11,4.73,5.19,12.36,10.55,3.71,4.46,3.67,4.40,10.04,8.63,4.99,7.11,4.51,4.70,12.49,4.07,4.20,4.48,3.95,3.65,3.96,3.47,3.83,3.99,10.15,3.54,11.67,4.44,3.69,3.88,3.51,4.47,4.22,8.07,3.80,9.25,6.66,4.85,11.05,4.50,9.60,13.38,1.00
9.89,6.60,10.13,5.05,4.02,7.11,4.93,4.39,4.60,5.94,9.75,8.99,3.61,4.14,3.67,4.12,10.72,10.59,5.12,10.43,4.36,4.74,9.93,3.77,9.28,4.41,3.87,9.68,6.58,3.79,3.72,3.79,10.84,3.39,10.26,4.28,3.83,3.55,3.10,4.65,7.16,4.00,4.21,4.82,3.77,11.09,11.12,5.52,9.35,12.57,1.00
5.50,5.21,9.99,3.73,8.09,9.74,5.36,11.51,12.37,11.86,7.94,9.14,3.76,4.48,8.63,3.84,5.08,3.84,9.49,8.42,4.71,5.03,12.31,4.31,4.13,6.69,3.60,8.60,4.01,6.61,3.86,3.80,8.38,8.77,9.81,4.25,8.04,5.85,3.66,4.51,10.71,4.02,4.66,5.72,3.51,3.87,8.63,4.38,7.58,13.97,0.00
7.99,3.61,9.97,4.51,4.35,9.19,5.10,4.43,11.69,9.35,8.90,8.36,3.70,10.52,4.46,4.15,5.16,4.80,9.21,11.73,4.58,4.41,9.72,3.87,4.10,4.19,4.12,9.00,4.17,3.31,4.03,3.57,9.48,8.92,3.93,5.83,4.06,9.41,3.06,5.74,4.88,7.06,4.39,7.29,3.77,5.68,9.21,4.47,4.89,12.90,1.00
6.65,3.67,11.13,5.30,4.40,10.18,4.84,10.92,5.51,10.00,8.08,9.54,3.84,4.29,4.08,5.80,8.63,5.86,4.93,8.05,8.55,4.38,12.69,4.23,3.89,4.52,4.03,8.19,6.47,8.03,3.75,3.77,10.62,4.15,9.24,9.02,8.37,3.82,8.98,4.47,11.11,5.43,10.86,7.42,3.66,4.00,6.67,7.47,8.16,13.18,0.00
0.00,0.00,0.00,0.00,0.00,0.00,0.00,0.00,0.00,0.00,0.00,0.00,0.00,0.00,0.00,0.00,0.00,0.00,0.00,0.00,0.00,0.00,0.00,0.00,0.00,0.00,0.00,0.00,0.00,0.00,0.00,0.00,0.00,0.00,0.00,0.00,0.00,0.00,0.00,0.00,0.00,0.00,0.00,0.00,0.00,0.00,0.00,0.00,0.00,0.00,0.00
9.57,7.86,9.71,4.53,3.95,4.37,5.01,4.06,4.29,8.86,7.70,10.60,3.81,4.52,3.93,3.99,9.98,9.63,4.71,10.72,4.48,4.69,11.46,4.05,4.17,4.66,4.30,4.53,6.33,3.49,3.79,3.85,11.26,3.46,10.30,4.70,3.77,3.95,3.16,4.42,7.87,3.94,4.38,4.66,3.78,3.90,4.58,4.47,9.85,12.52,0.00
8.87,6.40,9.84,4.49,4.85,4.18,4.97,3.95,5.00,9.92,6.78,10.00,3.88,4.31,3.57,4.17,9.31,7.96,5.17,10.48,4.11,4.76,11.30,4.03,4.17,4.49,3.88,3.96,4.27,3.70,4.36,5.53,11.33,3.55,9.83,4.33,4.21,4.03,3.83,4.80,6.03,4.19,4.08,5.14,3.71,4.26,8.62,4.55,10.20,12.71,0.00
6.99,3.70,10.11,4.65,4.62,4.09,7.70,4.58,4.30,4.99,8.50,8.37,3.85,8.53,3.59,5.32,10.13,10.37,8.91,10.12,4.54,5.01,9.79,4.05,4.25,5.30,7.03,4.10,5.98,3.80,3.80,3.71,6.75,3.43,9.72,4.48,4.26,3.66,9.86,4.64,9.29,3.90,5.01,9.94,3.53,3.94,7.99,4.28,9.64,14.11,0.00
8.83,4.11,10.99,4.24,5.02,9.78,5.74,14.59,9.62,11.47,9.37,9.79,3.79,5.25,3.99,9.80,5.10,9.17,9.17,10.76,7.52,9.49,12.50,4.00,3.93,8.66,3.82,8.56,4.98,3.70,4.02,7.29,9.83,8.55,10.88,5.83,6.98,4.57,3.67,5.71,10.51,4.61,10.89,5.73,4.44,3.83,9.08,4.90,8.04,13.31,0.00
10.75,3.74,10.06,3.99,9.64,10.21,8.38,6.82,13.04,11.08,8.25,7.88,3.81,7.11,5.43,4.68,9.84,4.96,6.97,6.24,8.76,7.62,11.43,12.68,4.15,4.11,3.77,8.83,8.23,8.43,3.75,6.96,10.78,5.67,11.33,4.31,4.18,3.85,6.44,4.48,10.13,3.74,7.27,6.29,4.42,5.76,9.23,5.27,7.59,12.96,0.00
6.20,3.61,11.12,3.89,10.01,11.10,6.27,8.67,9.78,9.07,9.07,9.52,3.71,5.19,3.75,6.15,9.87,8.80,10.68,11.02,12.49,7.81,11.69,4.07,3.73,6.14,4.68,6.89,5.63,5.29,4.18,6.86,11.70,3.43,9.86,6.19,4.45,3.61,10.75,6.04,8.10,3.92,7.40,10.38,6.33,4.02,9.71,6.15,9.01,12.98,0.00
8.59,3.71,10.54,4.03,10.12,10.28,8.73,6.75,12.48,9.92,9.04,10.55,3.87,4.35,6.04,7.37,9.78,5.23,7.99,7.11,9.95,9.10,9.67,11.03,4.78,4.42,13.60,8.85,6.77,4.32,4.01,3.69,8.77,9.15,9.29,6.62,8.50,4.81,7.08,5.38,9.36,3.99,7.66,7.13,5.15,4.01,8.98,5.47,8.90,12.12,0.00
7.10,3.64,10.26,3.80,4.26,10.18,8.89,7.62,5.31,9.56,9.62,10.17,3.88,4.73,4.10,8.18,9.12,4.31,8.51,10.84,4.99,5.23,11.58,4.14,3.94,4.56,5.21,8.18,4.12,3.65,4.70,6.03,8.79,8.75,7.37,4.22,6.48,4.81,3.08,5.84,8.64,4.15,6.19,8.52,5.38,3.91,10.05,4.38,9.45,13.72,0.00
5.00,4.34,11.18,4.18,12.50,4.25,5.76,4.58,12.01,11.92,9.46,7.87,3.86,4.27,3.89,4.49,5.28,4.13,5.39,12.16,4.47,11.93,11.25,4.21,4.15,4.63,8.52,8.74,4.07,3.93,3.51,4.16,9.39,3.76,4.96,6.64,4.01,3.97,8.89,4.53,4.56,6.08,6.27,7.39,3.64,3.91,8.12,4.70,8.88,14.10,0.00
7.61,3.85,10.61,4.59,4.87,11.53,5.35,8.02,5.09,9.58,8.07,10.12,4.20,4.71,4.99,9.40,8.34,9.93,8.36,9.27,8.00,5.37,12.63,4.23,4.34,5.10,10.23,5.16,6.09,5.74,3.89,3.54,9.06,9.56,9.18,5.76,8.34,3.39,10.90,7.03,9.81,3.85,7.68,9.95,5.94,4.11,8.31,5.02,10.20,13.79,0.00
7.39,4.54,10.43,5.08,4.03,7.93,6.79,8.17,4.37,11.24,9.69,10.76,4.27,4.18,3.99,7.70,5.33,4.30,4.94,11.92,4.27,4.24,12.06,4.04,4.20,5.44,6.80,8.07,4.76,3.36,3.78,3.70,10.40,5.48,6.85,4.30,3.99,4.74,8.82,4.53,6.53,7.77,7.59,8.56,9.26,3.90,9.55,4.35,9.15,13.36,1.00
9.27,4.26,10.54,4.17,4.51,5.09,4.66,7.65,4.58,5.31,9.70,8.76,3.75,9.73,3.57,9.16,10.69,11.33,4.39,5.20,4.06,4.22,13.11,3.97,3.90,4.22,3.79,3.69,4.57,3.47,3.96,7.00,9.21,3.56,7.15,4.04,3.70,3.77,3.83,4.41,4.15,8.01,4.30,8.17,5.81,8.45,9.47,6.86,9.24,10.59,1.00
11.56,3.95,9.71,3.98,4.67,6.20,5.12,11.90,12.39,11.92,6.55,9.07,3.78,8.55,9.34,4.14,5.40,4.74,4.67,10.21,4.63,9.97,12.29,4.23,3.92,8.25,3.60,8.12,3.83,3.34,4.08,3.85,10.76,3.45,9.98,4.31,6.07,3.68,3.51,4.61,6.45,8.78,7.30,8.49,3.71,4.16,8.85,4.45,7.64,13.63,1.00
7.09,7.85,11.71,4.32,4.16,6.31,4.85,4.23,11.59,11.95,8.83,9.32,3.78,5.23,3.55,4.31,5.15,4.38,6.42,8.17,4.84,5.96,12.66,4.00,4.12,4.18,3.45,8.66,3.82,3.60,3.75,3.71,11.06,10.28,3.68,4.89,3.69,3.97,3.32,4.51,4.64,3.83,6.58,7.94,4.14,10.83,10.92,4.51,9.09,13.66,0.00
8.05,4.50,11.09,3.91,8.08,4.33,6.44,4.35,11.49,7.54,8.45,5.52,3.77,7.75,4.45,5.65,11.12,4.21,5.03,7.16,4.50,5.08,10.67,6.15,4.21,4.66,3.75,9.19,4.26,4.39,3.69,3.55,10.85,3.70,10.51,6.69,3.98,4.23,5.31,10.08,10.44,3.92,10.06,5.27,3.61,4.00,9.94,6.59,8.68,13.21,0.00
6.81,5.07,10.17,4.03,11.42,9.54,6.60,7.02,11.90,10.18,9.14,9.98,4.16,4.32,3.90,7.70,9.55,4.39,5.84,9.15,8.57,8.02,10.50,4.05,3.76,4.42,4.27,8.82,4.47,8.31,3.88,3.78,10.54,6.82,9.79,4.80,3.89,6.39,9.62,4.41,9.44,5.00,5.05,6.12,3.65,3.86,9.06,4.39,9.45,13.62,0.00
8.05,8.18,9.56,3.92,4.37,4.61,5.12,4.25,4.38,10.58,11.09,10.64,3.78,4.22,3.96,3.90,9.65,10.39,4.70,10.39,4.59,4.32,13.38,4.09,4.11,4.80,3.69,9.48,4.51,3.67,4.06,6.62,11.22,3.45,8.42,4.47,4.11,4.10,3.36,4.68,4.68,4.31,4.38,4.77,3.73,4.23,11.11,6.21,9.98,13.55,1.00
8.17,3.69,11.17,4.31,6.74,10.48,6.09,4.66,10.31,10.18,9.78,10.84,3.71,6.53,3.69,5.90,6.78,4.50,7.52,9.73,8.30,4.87,12.82,3.92,3.77,4.29,3.80,8.86,3.99,8.81,3.68,9.22,9.69,3.28,9.67,9.46,4.09,6.22,3.35,8.27,11.24,3.65,6.93,7.40,3.73,4.14,9.22,5.03,8.02,14.05,0.00
8.05,7.48,10.44,3.89,10.96,4.24,5.40,10.08,12.05,11.59,4.63,9.09,3.84,8.04,3.84,3.85,10.49,4.07,4.31,12.12,4.68,4.78,12.71,8.82,4.19,4.54,4.16,9.93,3.98,8.34,3.61,3.96,8.39,3.58,9.98,4.25,7.50,8.38,3.26,4.43,6.08,6.67,7.86,6.66,3.58,10.19,9.41,4.32,4.76,12.77,1.00
8.53,8.20,4.40,7.60,4.27,4.31,5.63,3.59,4.43,8.49,11.27,10.41,3.83,4.52,3.70,4.19,9.46,4.69,4.99,8.63,4.53,5.12,11.24,4.56,4.31,4.10,4.42,3.74,7.63,3.43,3.92,3.86,10.13,3.61,12.15,4.33,4.03,4.95,3.52,4.52,5.03,4.46,8.61,4.36,3.80,7.26,10.22,7.13,9.25,11.98,0.00
4.29,3.97,10.32,4.07,10.86,8.67,7.41,5.79,11.17,5.46,8.61,10.50,3.62,7.17,3.47,8.03,7.05,4.93,4.97,5.71,4.94,4.59,9.81,3.77,3.70,4.30,6.91,5.73,4.12,3.71,3.69,7.42,11.06,3.27,9.74,4.16,3.57,4.02,3.42,4.24,10.72,4.01,4.16,8.34,3.51,4.02,8.61,4.37,9.17,13.05,0.00
10.54,3.55,10.89,4.24,4.51,9.27,7.64,10.18,11.45,10.13,9.47,9.78,3.88,5.78,3.80,7.00,5.31,4.65,8.95,9.44,5.46,11.57,9.89,4.83,4.65,4.25,4.62,9.50,3.95,3.67,3.70,3.74,5.04,5.74,9.76,7.15,6.03,5.69,3.07,5.44,8.62,5.57,7.10,6.67,3.80,4.22,8.99,4.03,8.65,13.69,0.00
10.50,5.39,9.26,3.93,4.19,12.23,5.10,4.75,10.36,5.53,8.55,9.07,3.78,4.39,3.74,4.31,10.62,10.20,4.92,9.58,4.17,4.33,12.82,4.67,3.87,4.62,3.84,9.12,4.05,3.64,4.20,3.93,11.53,3.31,10.04,4.19,3.72,3.88,3.32,4.39,4.60,8.26,3.99,10.14,4.92,4.84,7.95,8.84,8.18,13.38,1.00
8.15,4.18,11.22,5.30,5.05,7.79,5.86,5.62,10.43,10.86,8.75,9.79,5.34,5.48,3.98,4.28,5.55,4.30,5.69,12.42,4.69,4.68,9.92,3.98,4.13,4.19,3.62,8.73,4.24,3.32,3.97,3.63,8.58,4.06,3.62,7.31,3.67,4.68,3.28,4.44,6.78,5.62,4.09,6.25,4.11,4.44,8.86,5.96,8.17,14.01,0.00
6.42,3.54,13.86,4.08,4.34,10.01,5.24,4.50,4.21,5.02,8.43,9.93,3.71,4.84,3.75,7.94,9.89,6.66,5.21,4.16,5.65,4.48,11.19,4.25,4.24,4.42,3.50,5.43,7.91,3.92,3.92,3.94,10.84,3.43,8.28,10.04,4.28,3.64,9.71,13.67,9.89,4.42,8.22,6.51,8.71,3.90,8.13,4.45,9.66,14.26,0.00
7.35,3.80,10.47,5.25,9.20,8.05,7.36,10.24,12.81,6.07,8.17,6.22,3.70,8.19,4.75,4.66,5.06,4.15,8.24,4.47,5.42,6.81,11.95,12.84,4.04,4.48,4.00,7.95,3.84,3.73,4.03,4.03,8.90,3.44,10.26,4.47,4.13,4.33,6.32,4.33,8.43,5.13,6.68,5.81,6.18,4.78,9.09,4.28,8.46,13.49,0.00
7.57,4.80,10.89,4.50,4.48,10.06,5.10,3.92,12.46,10.22,8.58,7.66,5.57,9.66,3.77,4.17,5.19,8.24,9.95,11.77,4.51,4.46,11.85,4.05,4.12,4.37,3.80,8.23,4.82,4.00,8.36,3.81,11.28,3.34,3.81,6.05,3.83,8.26,3.29,4.22,9.25,3.91,4.23,7.63,3.65,9.12,9.46,4.43,4.49,13.52,1.00
8.84,3.81,11.39,4.07,4.42,4.37,5.27,4.80,4.73,5.56,8.20,8.80,3.68,4.11,10.85,4.06,5.28,5.89,6.28,12.14,4.61,4.60,12.62,4.46,4.25,4.43,5.31,9.12,3.72,3.43,4.59,3.55,3.36,3.53,4.13,5.34,4.01,9.43,3.33,6.91,8.94,4.08,4.09,7.17,3.57,4.25,7.53,4.41,7.99,13.55,1.00
0.00,0.00,0.00,0.00,0.00,0.00,0.00,0.00,0.00,0.00,0.00,0.00,0.00,0.00,0.00,0.00,0.00,0.00,0.00,0.00,0.00,0.00,0.00,0.00,0.00,0.00,0.00,0.00,0.00,0.00,0.00,0.00,0.00,0.00,0.00,0.00,0.00,0.00,0.00,0.00,0.00,0.00,0.00,0.00,0.00,0.00,0.00,0.00,0.00,0.00,0.00
6.57,4.11,10.90,3.91,4.42,8.39,6.72,4.33,6.30,9.60,8.14,10.16,3.93,4.95,4.06,5.04,9.42,9.04,5.02,7.93,9.97,5.28,11.60,9.15,3.68,5.88,10.08,4.48,4.64,6.15,3.93,3.66,9.56,7.60,11.35,7.46,3.76,3.92,8.94,6.48,8.89,6.60,9.02,8.77,3.71,3.98,8.96,5.92,8.57,13.68,0.00
9.13,8.09,8.29,4.88,4.58,6.26,4.92,4.41,4.55,10.93,11.56,10.99,3.76,4.14,3.58,4.19,9.59,11.82,4.91,9.35,4.73,4.59,11.53,3.76,4.04,4.52,3.72,6.58,4.23,3.72,3.74,3.69,10.47,3.08,11.34,4.35,3.89,3.67,3.39,4.04,4.14,3.83,8.41,4.49,5.31,4.82,10.27,8.10,8.56,13.16,1.00
8.64,4.46,10.48,4.06,4.68,10.62,6.29,12.36,4.34,9.92,9.21,11.07,3.81,5.35,4.12,5.60,7.19,10.23,8.59,9.86,8.62,6.22,12.08,6.91,3.98,5.67,8.24,9.49,4.22,3.34,9.66,3.89,10.80,6.58,10.77,4.61,4.09,3.97,10.47,5.72,10.04,3.71,11.55,9.36,7.51,8.85,9.95,4.52,9.22,11.62,1.00
8.43,3.63,9.85,4.76,5.05,8.13,5.11,4.63,11.89,10.74,8.81,9.11,9.06,4.15,11.38,3.92,7.97,7.22,10.24,12.30,4.61,6.13,9.51,6.49,4.44,4.45,13.25,9.77,7.77,3.51,3.89,3.69,9.61,8.41,7.70,4.27,4.01,6.59,3.48,4.52,7.11,6.38,8.16,5.05,3.89,4.18,9.85,6.20,8.68,13.59,0.00
7.00,4.69,8.88,4.61,9.23,7.74,10.83,5.34,11.98,8.71,8.95,10.19,3.54,8.75,4.26,8.38,6.26,4.45,5.08,9.03,4.45,11.41,10.78,4.27,3.77,4.09,4.43,8.76,3.76,3.37,3.96,3.48,7.81,3.45,11.52,7.85,3.75,5.57,3.23,4.69,9.91,3.76,7.39,6.29,3.70,4.08,9.38,4.37,8.07,13.30,0.00
5.58,4.13,7.76,3.97,9.38,8.81,9.10,4.67,10.42,9.78,8.89,10.47,3.65,7.52,3.79,6.04,9.33,4.21,9.32,9.46,6.42,11.30,11.55,4.02,3.97,4.22,11.27,8.92,6.19,6.31,3.87,6.19,9.82,7.01,9.10,4.42,5.31,3.79,4.17,4.13,10.32,3.82,7.62,6.36,4.52,3.86,8.74,4.99,7.61,13.51,0.00
6.73,4.07,10.63,4.10,5.39,10.51,5.78,9.18,10.37,10.33,9.52,10.09,3.87,6.41,4.27,5.19,10.53,4.60,8.91,8.42,9.76,7.30,11.34,10.07,4.20,4.37,3.65,9.05,7.00,6.99,7.34,3.71,9.86,9.02,10.01,6.40,6.46,4.02,3.15,5.49,10.35,3.97,8.61,7.11,5.03,4.17,8.68,4.34,9.13,14.21,0.00
8.89,4.04,3.66,3.89,8.71,9.68,11.66,8.73,13.02,9.94,8.86,8.54,3.60,4.29,10.32,3.85,8.99,4.78,9.61,10.27,5.23,10.06,8.43,10.31,3.92,4.31,13.00,9.39,7.62,6.66,3.85,3.83,10.48,7.20,10.93,3.98,4.98,3.85,3.44,4.32,9.26,4.11,9.27,7.12,6.10,3.85,9.84,7.03,8.60,12.21,0.00
6.27,3.70,9.21,4.20,9.45,8.76,5.08,4.35,10.88,11.54,9.95,9.80,3.74,6.95,3.97,5.86,9.33,4.46,5.24,7.47,5.45,4.70,12.26,4.54,3.84,5.09,3.82,9.94,4.04,4.79,3.95,8.14,10.30,8.25,11.15,5.16,4.01,4.66,3.38,10.68,9.15,4.04,7.37,6.12,5.53,3.90,9.28,5.80,8.19,14.16,0.00
7.92,3.63,10.27,4.21,4.21,9.35,5.58,4.48,11.71,9.26,10.04,11.41,3.63,7.27,3.70,7.03,8.81,4.64,7.79,9.74,8.45,6.55,9.54,4.39,4.00,8.08,3.98,9.30,6.20,3.53,3.89,9.00,10.08,4.07,9.12,8.22,3.95,3.93,3.14,11.89,9.65,3.93,7.36,5.28,4.25,4.09,9.07,6.46,8.51,12.83,0.00
6.58,5.08,10.97,4.39,4.30,4.16,6.71,4.36,11.57,10.44,4.97,9.10,3.80,7.01,4.36,3.88,5.28,4.59,4.62,12.72,4.93,6.23,10.08,4.23,4.42,6.83,3.69,10.36,4.05,5.51,3.68,3.82,10.57,3.40,8.74,4.80,4.31,11.18,3.07,5.87,7.39,4.16,8.83,8.94,3.87,4.15,8.74,4.25,8.33,13.51,0.00
9.59,4.35,10.10,3.88,10.55,11.63,5.98,7.34,12.24,9.98,8.19,10.32,4.50,4.17,4.64,4.06,8.51,4.78,8.38,9.89,9.75,7.30,11.57,11.58,3.99,4.34,11.79,8.95,5.69,6.89,3.80,8.45,11.10,6.89,10.80,4.72,4.37,6.82,7.96,5.38,8.95,5.99,7.57,7.06,4.75,4.64,8.58,6.30,8.97,13.88,1.00
8.08,3.53,10.56,3.80,4.25,3.96,6.08,4.52,12.03,8.14,8.08,9.18,4.06,5.26,4.22,4.07,5.17,4.49,7.85,10.23,6.56,4.76,10.25,4.01,4.29,7.93,3.71,10.10,4.13,3.54,3.80,3.39,10.71,9.84,8.56,5.53,3.75,4.05,3.41,10.31,10.33,3.98,7.54,7.68,3.94,4.14,8.72,4.42,7.87,13.62,0.00
7.40,5.85,10.68,4.13,4.80,4.17,5.46,10.33,11.78,11.66,6.38,9.01,3.62,4.14,4.46,6.71,5.24,4.36,4.81,12.36,4.32,4.55,11.99,3.82,4.02,8.40,3.73,8.64,3.92,3.24,3.58,3.62,10.46,4.76,3.88,5.27,3.83,6.48,4.20,4.68,9.53,4.67,7.04,6.90,4.89,3.79,9.95,4.67,6.96,11.63,0.00
7.71,3.88,4.64,5.87,4.59,5.58,4.58,4.22,11.86,8.69,7.29,8.50,3.89,4.82,5.43,4.48,7.70,4.36,4.88,10.58,5.80,4.61,11.29,6.95,4.40,4.22,3.90,10.26,5.18,3.40,3.93,4.19,9.88,3.80,4.38,4.67,3.56,8.56,3.75,9.47,9.78,4.83,9.09,7.00,3.71,4.11,8.87,4.38,8.56,11.62,0.00
4.24,3.62,4.77,3.79,4.43,3.90,5.57,5.92,12.33,11.10,9.48,10.85,3.92,6.59,4.63,4.54,9.11,4.78,7.47,9.50,8.37,11.27,12.05,6.80,4.17,5.85,3.79,9.60,4.11,3.53,4.05,3.88,10.84,3.62,3.97,7.42,3.89,6.10,3.10,11.97,10.36,3.97,7.05,6.87,3.59,4.09,7.60,4.77,6.40,14.08,0.00
7.18,3.54,9.70,4.15,4.51,7.84,6.52,6.95,12.63,9.91,9.20,8.94,3.75,4.83,4.27,3.72,5.33,5.83,5.45,13.34,4.85,8.17,11.10,4.19,4.48,5.16,3.79,6.92,4.05,4.47,3.98,3.82,5.46,6.59,4.59,5.39,3.97,5.68,3.31,4.62,7.62,5.13,5.96,4.26,3.77,5.20,7.07,4.57,7.11,12.76,0.00
7.88,3.70,10.77,4.97,4.32,8.19,6.33,4.45,11.85,10.23,9.05,9.94,3.77,7.16,4.02,4.00,5.36,4.45,7.80,12.48,4.41,4.74,12.66,9.52,4.07,4.29,3.52,9.54,4.18,3.58,4.00,3.74,10.16,3.65,8.65,8.18,3.67,3.67,3.70,12.94,7.92,3.99,4.34,7.89,3.49,4.01,8.07,6.33,4.30,14.24,1.00
10.82,8.99,10.64,4.25,4.57,4.06,5.81,6.15,4.71,5.49,12.03,8.91,3.72,6.47,3.78,4.19,10.18,9.89,4.94,6.32,4.59,5.02,12.71,4.28,4.26,4.41,4.36,7.02,3.75,3.60,3.94,3.84,10.99,3.48,11.19,4.55,4.10,3.91,4.72,4.73,4.52,4.27,4.49,4.78,3.55,9.52,6.59,4.45,8.05,13.49,1.00
7.50,3.63,10.41,4.10,3.90,5.86,4.65,4.03,7.15,9.65,9.12,9.38,3.65,6.52,3.96,8.72,7.69,6.75,4.81,9.82,8.13,4.44,10.18,3.77,6.14,7.71,3.73,8.98,4.01,3.52,3.84,3.64,10.05,7.59,8.54,4.10,4.45,4.05,7.95,3.57,9.94,6.25,7.34,5.50,3.84,3.89,9.68,5.42,9.20,13.61,0.00
8.28,5.40,8.97,3.73,10.58,8.59,7.27,7.61,11.80,12.90,8.22,9.19,3.77,5.94,11.22,4.74,5.37,4.38,9.74,12.39,4.99,7.73,11.89,4.22,4.29,6.20,4.06,10.23,4.00,3.49,3.80,3.62,9.16,6.77,10.32,7.16,4.21,5.90,3.28,4.61,8.90,4.14,6.88,9.38,3.28,3.99,9.33,4.34,7.81,13.68,1.00
6.45,3.75,11.22,3.77,9.44,9.84,4.71,7.16,10.76,8.66,8.68,9.43,5.49,4.13,3.86,6.47,8.74,9.57,4.76,11.82,7.62,5.21,10.36,4.23,4.03,4.39,4.86,8.24,5.32,9.56,3.78,4.05,9.68,4.72,8.38,10.06,4.19,4.14,10.31,11.28,7.98,4.86,5.87,8.60,6.27,4.09,8.97,4.86,8.87,12.33,0.00
7.38,3.89,11.49,3.69,4.67,9.91,4.69,11.46,7.03,11.23,9.58,8.16,3.74,6.55,4.32,9.74,8.64,4.41,4.90,8.44,4.93,4.86,12.13,3.90,4.01,4.55,4.04,6.68,4.39,3.43,3.89,3.86,10.72,6.48,9.59,4.25,3.66,3.51,3.23,12.78,9.96,3.94,6.64,9.45,3.85,4.84,8.20,7.36,8.70,12.94,1.00
6.42,3.87,11.75,4.00,11.47,9.80,5.16,6.98,9.33,9.42,8.60,8.98,3.72,4.44,4.09,6.69,7.10,9.37,4.72,11.60,9.39,5.61,12.42,4.29,3.86,4.33,8.30,9.13,5.42,9.11,3.90,4.32,9.00,5.65,8.38,10.86,4.15,3.82,8.58,11.83,8.21,3.83,6.47,9.82,8.55,4.36,7.28,4.47,7.84,13.07,0.00
8.98,6.67,10.41,4.64,4.24,4.22,5.12,3.91,4.34,11.46,11.26,10.65,3.73,4.25,3.63,4.41,8.76,8.68,4.82,10.73,4.19,5.20,12.66,4.10,4.41,4.35,3.77,8.17,4.36,3.60,3.79,8.11,11.92,3.51,10.47,4.30,4.06,3.84,3.27,4.53,7.32,4.21,4.90,4.32,4.53,4.06,8.10,4.69,8.43,10.02,1.00
4.43,5.94,9.38,3.85,10.74,4.46,5.71,5.18,11.93,6.93,8.45,9.17,3.47,7.14,9.66,7.33,9.35,5.12,4.61,7.51,4.96,5.69,12.68,10.45,4.30,4.37,7.48,9.33,5.15,4.51,3.65,3.77,10.26,3.67,9.97,4.38,4.59,6.71,7.05,6.35,8.81,6.05,5.92,7.44,4.15,4.01,8.50,7.22,8.88,13.14,1.00
10.28,5.31,10.54,4.82,4.47,4.30,7.41,4.82,3.99,4.58,11.29,9.92,3.89,5.73,4.03,4.38,8.33,11.50,4.90,11.40,4.67,4.57,12.46,4.27,4.31,4.65,3.85,3.73,10.12,3.66,5.44,4.02,3.92,3.55,11.77,4.40,3.74,3.75,7.32,4.52,6.26,7.57,4.68,9.85,4.26,9.65,8.53,5.21,10.09,13.18,1.00
7.35,7.48,10.62,6.03,3.95,4.36,4.62,5.00,4.75,10.73,8.95,13.15,8.15,4.38,3.49,7.81,6.41,3.86,4.41,9.97,4.41,4.73,11.64,3.69,4.32,4.08,11.70,4.12,3.83,3.84,3.68,3.87,9.82,3.67,3.94,5.99,4.05,3.97,12.00,4.39,3.87,3.89,4.50,5.66,6.40,3.69,10.95,4.42,8.79,12.75,1.00
7.32,3.56,10.52,4.02,4.35,9.24,7.54,4.86,4.20,4.28,8.11,8.85,4.87,8.02,3.85,7.55,10.65,11.83,6.37,9.34,4.95,4.59,13.00,4.17,4.37,7.08,3.78,7.82,8.00,6.83,3.75,8.47,8.94,3.16,9.87,4.85,3.94,3.41,10.46,4.28,10.63,4.06,6.61,5.97,3.61,3.78,8.26,6.13,9.19,13.92,0.00
6.74,5.44,10.73,4.03,3.98,8.06,7.47,8.07,12.07,9.95,7.16,8.66,4.06,5.91,5.84,4.72,5.28,4.21,5.32,9.14,4.48,4.83,12.65,5.29,5.19,4.20,3.56,9.54,4.02,3.62,3.93,8.08,10.27,4.11,3.65,5.36,4.51,8.97,9.42,9.50,7.36,5.01,8.52,7.45,4.64,6.21,9.32,4.52,7.75,10.15,1.00
8.35,3.51,10.83,3.88,4.26,8.42,8.19,14.21,11.65,11.78,8.27,12.13,3.87,6.64,10.11,4.03,4.89,3.94,9.50,11.98,4.45,6.05,9.62,3.94,3.97,9.57,3.52,9.58,4.11,3.86,3.79,6.26,9.92,6.38,8.19,6.68,6.52,3.64,3.93,4.33,7.84,6.06,7.84,5.72,3.78,3.94,8.47,4.54,7.92,13.48,0.00
7.74,3.58,9.80,3.97,5.04,9.22,6.37,13.00,11.51,9.75,10.83,10.10,3.85,7.32,4.01,3.80,9.43,8.19,5.56,10.92,7.70,10.35,12.94,7.29,4.50,5.50,3.96,8.56,3.88,7.80,3.93,3.88,10.38,3.54,8.38,7.18,5.37,4.26,3.21,6.48,10.44,3.83,10.49,7.14,8.79,4.10,7.98,4.18,8.45,11.00,0.00
7.91,3.53,11.17,4.33,4.55,11.56,4.88,4.49,4.52,10.65,8.73,9.60,4.78,12.51,3.52,4.37,6.81,4.15,8.93,12.87,4.47,4.48,12.70,4.83,4.01,4.13,7.10,8.26,3.95,12.28,7.06,5.51,8.45,3.52,8.89,6.51,3.82,4.29,3.06,4.48,6.16,4.03,4.13,6.85,6.31,3.83,8.84,5.84,9.77,14.13,1.00
12.89,6.84,10.82,4.65,4.09,4.05,5.27,5.70,7.17,6.79,11.33,11.19,3.83,5.02,3.55,5.93,8.20,12.31,7.90,6.43,4.41,4.59,13.39,3.61,4.21,4.01,3.76,7.88,3.90,3.48,3.82,3.66,11.99,3.24,10.08,5.46,3.62,4.44,5.03,4.43,5.60,7.59,4.01,9.43,8.73,6.29,11.59,4.58,9.12,13.29,1.00
9.26,6.02,5.52,4.37,5.89,8.91,5.31,4.33,4.39,5.89,12.54,10.11,3.78,4.82,3.66,4.12,9.43,10.48,5.19,11.17,8.07,4.44,12.70,6.61,7.87,4.33,3.61,3.99,9.00,3.57,3.70,3.76,10.81,3.52,10.84,4.18,3.85,3.48,3.29,4.49,7.15,4.83,6.32,3.67,3.58,11.07,10.07,9.50,7.34,13.11,1.00
8.00,4.67,10.68,6.66,4.26,4.08,6.98,7.08,4.39,6.74,10.25,9.56,3.72,6.54,3.90,7.37,9.94,9.50,6.81,11.98,4.83,5.08,11.16,3.95,4.30,4.29,3.62,4.99,4.31,3.56,3.85,4.08,9.84,3.40,11.16,4.25,7.64,3.96,6.26,4.62,10.61,4.40,10.36,9.01,9.08,4.24,10.08,8.16,8.59,10.16,0.00
11.06,5.21,5.57,4.53,4.47,4.14,5.31,4.16,8.41,7.89,9.07,7.62,3.66,4.11,4.11,4.22,8.58,9.90,4.89,11.78,4.48,4.47,13.21,4.24,4.21,4.61,3.86,3.49,4.30,3.53,3.84,3.97,11.01,4.25,9.93,5.10,3.79,4.05,3.28,4.58,6.67,4.09,4.17,5.06,4.46,6.14,10.10,5.01,9.20,13.32,0.00
10.61,8.11,10.71,5.08,3.96,4.31,6.82,4.38,4.35,5.66,9.98,9.93,3.70,5.22,3.52,4.20,9.51,11.02,4.52,11.75,4.51,4.67,10.59,4.19,4.10,4.69,4.08,4.17,4.18,3.76,3.98,3.79,10.77,3.49,10.60,4.38,3.94,3.70,3.13,4.53,4.34,5.03,4.42,9.72,3.84,3.99,10.88,5.94,9.78,11.49,1.00
10.03,8.49,10.64,3.99,4.83,4.43,4.88,4.04,4.85,5.51,11.83,10.14,3.74,7.87,4.25,4.20,9.62,8.85,4.87,12.41,4.51,4.78,10.29,4.12,4.23,5.30,4.09,5.32,4.11,3.76,4.35,4.36,10.54,3.38,11.53,4.33,4.02,3.88,3.70,4.72,4.16,4.29,5.16,6.97,4.04,9.91,4.81,5.73,8.40,13.75,1.00
10.85,8.25,11.05,5.61,4.15,10.53,9.62,4.05,4.32,10.40,11.21,9.91,3.83,6.39,3.59,3.91,10.31,12.41,4.59,10.30,4.56,4.17,11.36,4.13,3.96,3.88,3.61,5.89,10.91,3.78,4.32,3.83,10.87,3.40,10.80,4.26,3.73,4.04,3.47,4.29,5.98,6.76,5.42,9.69,4.13,8.44,8.82,7.45,8.31,12.88,1.00
8.04,5.20,10.12,3.78,3.99,8.83,7.57,4.56,11.86,8.71,7.88,9.06,3.71,4.32,8.94,3.82,5.15,4.83,6.17,11.26,5.09,9.67,12.52,10.66,5.14,4.23,3.59,9.44,8.89,3.47,4.29,3.56,8.06,6.77,9.95,5.17,3.55,10.71,8.81,7.24,8.93,8.44,8.84,7.26,3.64,4.07,9.24,4.57,8.52,13.32,1.00
11.15,5.96,9.90,5.76,4.55,7.62,5.39,4.60,9.27,5.74,9.93,8.96,3.85,4.63,4.12,4.43,5.79,5.78,5.12,10.00,4.54,5.24,11.43,4.15,4.16,4.26,4.10,7.28,4.13,3.39,4.05,4.02,10.44,3.39,9.48,4.76,4.13,3.54,9.06,4.33,6.52,5.36,4.22,4.77,3.78,9.75,10.15,8.15,9.09,13.48,1.00
8.48,5.77,10.69,4.34,4.31,6.80,8.09,4.39,4.56,9.05,9.40,10.46,3.89,4.17,3.83,3.94,10.21,10.19,4.49,10.77,4.74,4.66,11.96,4.40,8.70,4.11,4.20,7.63,4.20,4.09,3.91,4.06,8.12,3.69,9.52,4.89,4.16,3.96,3.35,4.71,8.07,4.03,4.29,5.08,4.24,4.12,9.52,4.74,7.66,14.05,1.00
10.46,6.65,9.80,4.67,4.37,4.44,4.81,4.57,4.93,5.60,8.60,8.74,3.69,4.41,3.84,5.42,5.52,9.68,4.86,11.98,4.52,4.88,11.39,3.85,4.08,4.16,3.69,3.80,4.31,3.45,3.81,3.78,9.08,3.38,10.33,4.66,4.11,3.70,8.12,4.72,4.77,4.10,4.14,4.78,3.56,9.90,11.60,7.02,8.33,14.13,1.00
7.59,3.51,9.08,4.29,11.88,8.38,6.70,8.48,10.50,10.42,7.10,8.16,3.81,4.17,4.45,6.16,5.56,5.33,5.79,8.42,4.49,4.91,10.05,10.42,4.09,4.64,4.24,7.71,4.03,3.68,3.92,7.68,10.77,7.68,9.68,4.54,5.78,4.02,5.93,4.35,12.09,4.72,8.73,5.49,5.83,7.36,9.24,4.40,8.18,12.70,0.00
8.88,3.80,10.23,4.97,4.30,9.66,5.41,4.62,6.90,8.08,9.46,9.34,3.77,6.10,3.93,10.65,4.68,4.68,10.60,7.99,4.83,4.62,11.07,4.54,4.00,4.16,9.17,7.78,4.38,3.57,4.05,3.68,10.01,3.57,8.48,5.55,3.81,3.91,2.94,4.60,11.12,3.77,3.79,7.69,3.77,4.75,8.70,4.92,9.44,13.78,0.00
7.97,4.17,10.34,3.66,4.48,10.07,5.68,6.67,3.68,10.76,9.37,10.88,7.16,4.77,3.78,6.48,8.56,4.73,4.59,10.15,6.19,4.46,10.24,4.02,9.75,5.51,7.54,8.61,3.99,3.56,3.90,6.42,10.27,6.32,9.09,6.02,3.82,4.71,11.23,4.57,8.08,5.66,9.94,9.35,6.44,4.20,8.50,4.71,9.51,14.24,1.00
7.21,4.37,11.43,3.88,4.31,4.23,5.98,9.37,4.83,6.37,6.43,8.42,3.81,6.59,3.88,9.25,10.85,11.30,4.92,10.99,4.91,4.55,11.38,3.91,3.92,4.70,3.79,5.72,6.53,3.94,4.07,3.63,10.01,3.42,7.72,4.81,3.76,3.46,3.35,4.26,3.57,6.21,4.18,6.88,4.20,4.30,7.49,7.91,8.24,13.61,0.00
8.92,3.60,9.72,4.02,4.39,6.67,4.79,5.30,12.40,10.85,9.60,8.64,5.62,4.05,7.41,3.88,4.94,4.66,4.84,9.28,4.50,8.34,12.76,6.06,3.83,4.23,4.12,7.60,3.99,3.70,4.41,3.32,9.08,3.64,7.64,4.19,3.85,7.84,5.91,4.39,4.96,9.68,8.88,6.73,3.52,3.89,8.90,8.31,9.27,11.66,1.00
8.48,3.63,11.28,3.87,4.98,11.99,6.47,4.42,12.11,10.44,10.69,9.75,3.66,6.88,3.79,6.75,9.16,8.02,5.13,5.88,7.81,8.88,11.54,4.05,3.82,4.94,3.70,8.19,3.81,5.97,3.61,8.58,9.97,3.42,10.13,8.31,5.14,3.59,7.12,4.71,11.81,3.91,10.19,6.91,7.53,4.04,9.54,6.07,8.40,12.95,0.00
6.99,4.68,10.87,4.15,4.58,9.79,5.41,10.54,4.71,11.01,8.34,10.24,4.85,4.70,3.59,8.19,4.97,6.81,7.33,10.30,6.32,8.16,12.04,4.18,4.20,5.42,5.36,8.91,4.47,3.49,4.54,3.84,10.41,3.47,10.24,7.97,9.54,3.68,9.83,6.75,8.43,6.75,9.76,7.11,9.94,4.05,9.55,5.84,8.89,13.96,0.00
12.61,3.61,10.73,3.67,6.31,9.62,5.05,4.44,9.81,10.72,8.11,9.29,3.70,6.60,3.84,6.29,9.26,9.20,8.80,10.09,9.71,4.49,12.07,6.93,4.05,4.71,3.60,10.36,9.55,4.10,3.77,3.71,10.99,3.48,9.32,7.86,3.81,3.92,4.59,7.95,10.97,4.10,7.41,7.80,3.74,3.90,8.81,4.37,9.84,14.05,0.00
8.84,5.60,10.24,5.38,4.11,10.67,6.13,4.47,6.38,10.19,8.47,7.55,3.75,4.47,4.02,4.31,5.42,10.71,5.07,9.64,4.85,4.55,12.49,3.90,4.20,4.43,3.95,10.98,4.10,3.43,3.62,3.58,7.37,3.41,10.79,4.77,3.87,4.14,6.75,4.52,6.48,3.97,5.09,5.00,4.64,10.69,12.05,5.15,7.72,12.36,1.00
5.84,4.02,8.62,3.82,9.38,4.00,7.18,4.75,12.82,9.32,7.98,9.00,3.75,6.98,8.80,4.03,8.22,4.72,6.23,8.14,6.62,11.07,10.72,7.14,3.99,4.90,3.91,7.94,3.95,3.98,3.67,3.86,10.30,8.72,10.06,7.36,5.01,9.46,3.11,10.39,9.25,3.82,7.14,6.55,3.39,3.96,8.60,5.33,7.99,12.95,0.00
7.21,5.21,3.88,3.87,9.64,3.92,6.38,5.25,12.28,12.22,5.11,9.57,3.67,7.66,5.23,3.94,5.04,4.89,5.53,11.94,4.18,4.44,13.50,4.14,3.88,8.80,3.71,9.18,3.97,3.54,3.95,3.61,11.53,3.46,8.15,4.71,6.77,4.50,3.46,4.51,8.34,5.94,8.36,9.76,5.31,9.18,8.53,4.36,8.66,14.40,0.00
5.68,6.85,5.22,3.82,7.36,4.64,5.37,4.52,12.79,11.73,6.23,9.21,3.83,5.77,9.70,3.77,5.10,5.97,5.20,11.03,4.24,4.93,12.80,4.15,4.43,5.66,3.78,9.71,3.93,3.88,3.90,3.77,10.23,3.30,10.33,4.80,6.27,8.21,3.37,4.56,7.09,4.01,6.84,10.25,3.74,8.73,7.90,4.45,8.09,9.31,1.00
7.57,6.18,10.21,4.01,9.91,8.38,5.97,13.78,13.14,11.33,8.46,7.50,3.63,5.40,6.13,4.01,4.95,4.58,5.79,9.58,6.95,4.80,12.34,12.15,3.94,4.19,3.51,8.85,4.07,3.75,11.51,3.47,10.81,9.44,8.80,4.31,5.10,3.90,3.56,4.31,8.66,4.14,8.95,6.23,4.02,3.96,9.83,4.52,8.60,13.55,1.00
5.07,3.55,9.93,4.46,5.97,6.76,8.13,6.21,11.78,8.90,8.26,8.68,3.77,5.45,6.69,3.76,8.87,4.88,8.54,7.31,5.48,9.72,13.42,9.18,4.04,4.45,3.97,9.73,4.14,4.24,3.82,7.19,9.53,4.35,10.58,8.73,3.84,6.70,3.13,9.91,10.52,4.07,7.89,4.93,3.73,6.40,8.70,4.40,8.34,13.93,0.00
6.29,3.87,8.93,4.20,6.12,10.31,6.42,5.17,12.37,4.42,9.15,8.45,3.73,4.69,4.38,8.38,4.65,4.85,5.12,10.46,4.64,8.65,12.34,4.32,4.12,4.28,12.20,8.08,4.73,3.60,3.91,7.00,6.61,3.59,3.94,4.29,4.03,4.00,5.84,4.43,5.19,4.07,5.10,7.10,3.54,3.87,10.29,4.55,8.45,12.98,0.00
7.53,6.71,8.46,4.25,14.22,5.34,9.09,7.19,11.75,8.99,9.34,9.49,3.66,5.77,9.39,8.36,5.32,4.29,9.72,9.67,4.54,11.11,9.09,4.23,4.24,4.67,10.76,9.56,3.90,3.78,4.05,3.78,9.52,7.92,7.79,5.13,3.96,4.51,6.77,4.54,6.77,4.18,7.03,7.89,4.47,4.16,8.75,4.25,8.75,13.49,0.00
7.63,3.54,10.99,4.37,4.60,8.97,6.49,4.96,5.14,5.70,8.87,8.03,3.66,7.11,3.71,7.76,8.71,11.06,9.38,7.62,4.73,4.99,9.30,4.08,4.19,6.64,11.70,4.73,3.81,4.00,3.79,7.70,9.47,3.40,10.75,4.14,3.76,3.86,9.30,4.83,10.28,4.00,6.25,9.70,3.66,3.98,10.04,5.70,10.47,8.36,1.00
7.47,3.75,10.72,4.25,4.40,9.62,4.90,11.87,8.46,9.19,9.29,9.22,3.56,4.60,3.82,10.16,4.48,9.63,5.07,6.65,10.28,4.52,11.97,4.67,9.92,4.05,3.93,8.49,3.96,3.78,3.66,8.63,11.53,4.24,9.73,8.04,8.75,4.03,9.81,3.98,10.49,5.62,6.06,6.60,3.74,5.78,9.07,7.03,9.22,13.35,1.00
4.51,5.33,11.54,4.54,8.53,4.30,4.94,3.94,7.03,5.18,9.18,8.33,3.80,4.24,6.74,4.06,9.83,4.59,10.91,12.95,4.19,11.96,10.32,3.89,3.97,4.38,11.55,9.92,3.91,3.50,3.98,3.84,9.11,3.58,5.43,4.20,3.65,3.80,3.13,4.12,3.82,4.04,7.31,6.77,3.66,3.99,10.50,4.15,6.97,13.85,0.00
7.53,3.56,9.76,4.23,9.15,9.84,7.05,8.13,12.49,8.65,8.57,8.16,3.69,5.02,11.92,4.08,9.49,4.49,9.05,9.13,5.58,10.21,10.76,11.80,4.17,4.39,13.78,9.78,8.41,3.75,4.00,3.66,9.74,3.33,10.90,5.07,4.17,6.07,3.91,9.33,10.15,7.67,7.41,7.88,4.23,3.96,9.70,4.21,8.11,13.18,1.00
7.19,4.38,10.21,4.28,4.16,6.69,5.93,4.20,8.26,5.77,8.44,10.21,3.75,6.01,4.01,6.59,10.49,10.91,8.82,10.83,6.13,4.66,11.52,4.17,4.39,4.31,3.97,10.82,3.83,3.56,4.15,3.75,10.30,3.44,6.18,4.42,4.05,3.54,8.56,4.92,10.59,3.96,4.55,6.42,4.07,4.04,8.86,4.34,9.12,9.96,0.00
7.85,3.76,10.55,5.19,4.11,7.86,4.46,5.11,9.12,10.51,11.00,10.47,4.11,4.02,3.73,4.23,7.82,5.27,10.04,13.22,4.48,4.46,12.90,4.53,3.64,4.27,4.69,9.02,3.84,3.74,3.88,7.38,9.88,5.57,8.58,4.80,3.37,3.29,11.06,4.30,4.98,4.16,7.25,7.32,4.24,8.25,10.88,5.96,6.59,12.84,1.00
8.60,6.39,10.31,5.30,4.51,4.22,4.89,3.94,4.39,8.36,9.70,9.60,3.86,4.04,4.09,4.05,10.22,9.11,5.03,10.54,4.58,4.55,11.68,3.94,4.14,4.76,4.15,4.30,5.43,3.42,3.75,3.73,11.48,3.50,9.98,4.46,3.86,3.79,3.10,4.40,6.46,3.79,5.03,5.43,3.85,5.06,5.71,5.24,10.20,12.84,0.00
6.31,3.69,8.05,7.31,6.99,3.96,10.08,4.14,12.51,5.29,7.91,9.17,3.88,6.68,11.71,4.36,5.31,4.10,6.54,9.15,4.81,4.82,12.34,8.34,4.31,4.44,3.84,10.53,4.19,3.41,4.03,3.71,8.59,3.89,3.99,7.74,3.75,5.01,3.20,9.65,11.57,4.07,4.24,9.42,3.54,6.07,10.09,4.40,8.00,14.06,0.00
10.69,7.09,10.49,3.99,4.70,10.72,4.85,4.68,4.77,6.04,8.63,8.88,3.74,4.63,3.53,4.39,9.94,10.63,5.02,10.04,4.83,4.13,12.34,3.94,4.18,4.40,3.95,9.71,6.78,3.19,3.76,7.66,10.89,3.55,8.94,4.43,3.64,3.55,6.85,4.47,4.95,4.21,5.03,5.22,3.53,4.07,9.85,8.17,8.23,11.25,1.00
11.02,8.58,11.13,4.61,4.35,4.49,4.81,4.19,5.30,5.62,11.70,9.89,3.77,6.10,3.74,4.02,9.86,11.27,4.87,9.51,4.36,4.29,10.93,3.71,3.84,4.57,3.69,3.97,4.14,3.88,4.45,6.38,9.61,3.44,11.62,4.40,3.60,3.50,4.50,4.80,5.27,7.78,5.04,7.73,5.75,7.01,10.49,4.31,9.51,13.26,1.00
8.97,4.67,8.56,4.17,4.50,9.90,5.11,5.24,4.38,11.05,10.28,8.77,3.66,4.29,3.52,4.26,9.60,9.27,4.97,9.98,4.34,5.05,12.16,4.08,4.37,4.65,3.83,8.65,3.98,3.21,3.79,6.13,9.88,3.39,10.79,4.31,4.12,3.26,3.93,4.66,6.83,4.53,4.57,10.17,7.20,4.40,9.35,7.52,7.75,12.63,1.00
8.83,4.52,8.93,4.50,5.07,8.26,6.32,13.59,12.86,8.02,9.04,8.55,3.80,9.42,8.43,3.98,5.71,4.64,4.85,9.52,4.80,7.61,9.29,4.09,4.58,4.59,3.58,9.80,3.78,3.51,3.74,3.54,11.04,9.80,5.70,4.20,4.00,4.18,3.30,4.49,7.54,4.01,8.64,6.41,3.36,4.11,10.76,4.65,7.90,13.60,0.00
7.93,3.54,12.47,3.94,3.88,8.72,5.38,7.09,4.50,10.48,8.71,8.24,3.75,5.02,4.00,6.64,8.97,8.84,5.54,6.46,5.31,4.87,10.61,4.21,4.08,4.46,3.86,7.76,4.20,3.75,3.92,3.97,11.07,3.59,10.17,8.63,3.80,3.60,9.57,11.86,5.26,6.19,4.70,4.91,4.06,6.09,9.10,4.31,8.41,13.60,1.00
7.05,4.97,10.25,5.46,4.24,7.91,7.76,6.41,12.51,9.29,8.80,10.25,3.67,5.16,4.21,6.24,8.55,4.53,10.06,12.16,4.44,7.89,10.82,5.10,3.89,4.31,7.59,9.70,4.26,3.62,3.56,3.54,10.01,3.49,9.50,6.21,3.65,3.50,11.23,4.71,6.70,4.73,7.72,7.27,5.95,3.93,9.69,4.76,9.01,12.80,0.00
6.12,8.01,8.60,6.31,4.44,6.76,6.52,4.05,10.70,9.23,8.88,10.30,3.73,7.74,3.88,8.82,6.75,5.03,7.92,11.46,4.36,7.76,11.76,4.01,4.42,4.27,6.18,3.79,6.30,3.81,3.66,4.20,10.48,3.18,4.51,6.77,4.71,4.27,8.39,4.26,5.10,3.76,4.11,3.84,4.58,4.01,10.83,4.03,11.38,9.53,0.00
8.22,3.93,11.18,3.85,4.29,10.16,5.10,4.64,7.22,5.44,8.99,8.70,3.54,7.19,3.80,9.65,4.88,5.10,8.46,10.64,4.49,4.41,13.21,4.22,9.12,4.75,4.72,8.66,4.16,3.48,3.78,4.76,9.33,3.46,7.37,7.65,3.62,4.33,8.11,8.42,7.62,5.88,4.54,6.98,3.58,4.81,9.99,4.79,9.30,12.93,1.00
7.87,3.61,10.14,4.26,3.92,10.92,5.77,5.78,5.50,9.90,8.84,9.94,4.00,7.80,3.98,7.99,5.32,4.52,7.40,7.45,10.09,4.13,10.37,4.34,11.00,4.23,3.42,9.25,4.83,3.64,4.21,7.64,10.45,5.98,9.14,6.77,3.88,4.09,9.38,4.86,9.95,4.00,7.27,7.29,4.37,4.42,10.58,5.66,7.95,8.89,1.00
8.91,3.43,10.47,4.41,4.49,10.50,5.20,13.84,10.56,11.87,9.53,11.52,3.90,6.33,3.97,6.21,5.02,4.46,8.53,10.52,5.48,9.65,9.15,3.85,3.80,7.73,3.79,9.00,3.88,3.71,3.94,7.65,5.17,11.68,8.23,4.50,3.76,8.66,3.56,4.55,9.03,4.21,4.72,6.45,3.73,3.98,10.17,4.76,7.73,13.01,1.00
5.73,4.66,9.59,5.89,10.51,10.39,6.27,8.35,10.89,10.24,9.11,10.25,3.89,5.02,3.82,6.57,9.51,4.33,5.11,8.75,4.89,7.42,10.73,4.07,4.57,4.30,4.05,9.77,4.41,10.90,4.05,4.09,9.36,3.58,9.77,4.35,4.26,3.65,3.24,6.46,9.48,4.13,8.01,5.97,3.26,3.97,9.60,4.99,8.49,12.42,0.00
8.44,6.73,9.30,5.56,11.88,8.41,5.26,13.87,12.18,10.87,7.97,9.20,3.66,5.39,4.90,5.44,6.13,4.70,9.63,11.40,4.64,10.22,12.07,4.37,9.18,4.32,4.07,9.25,4.16,4.01,3.95,3.75,9.34,3.39,9.01,4.54,3.78,5.63,6.56,4.53,9.72,3.87,4.80,8.55,3.75,4.28,9.91,4.49,7.43,12.96,1.00
6.81,3.59,9.09,4.11,4.19,9.02,6.76,4.09,10.54,5.73,7.94,10.73,3.74,4.94,3.92,4.66,4.70,4.71,8.38,10.52,4.73,5.95,12.21,4.81,9.96,3.96,3.71,10.51,7.81,3.67,3.87,4.06,10.57,3.60,8.17,7.72,3.80,9.51,9.39,12.31,9.81,3.99,4.14,9.51,3.69,4.00,8.47,4.43,7.56,12.11,1.00
9.18,3.88,10.48,4.22,4.36,11.23,5.05,4.79,9.57,5.44,8.36,8.77,3.86,6.59,3.84,8.73,4.73,4.19,9.92,10.66,4.69,4.75,10.55,3.91,4.31,4.24,3.58,9.58,4.58,3.77,3.78,9.09,8.03,3.50,10.03,7.11,3.88,5.83,9.04,8.98,9.92,6.01,4.15,6.51,3.38,10.16,8.32,4.26,7.96,14.33,1.00
6.88,5.07,9.64,4.31,5.90,10.21,10.34,8.37,12.67,9.17,8.30,9.20,3.91,7.39,3.78,4.80,8.72,4.47,4.93,7.23,5.38,11.52,12.34,4.14,4.17,7.89,4.04,9.22,3.99,5.72,3.90,7.35,9.58,6.09,10.20,4.33,3.95,7.18,3.35,4.77,9.91,4.03,7.81,5.71,4.06,8.85,8.23,4.33,8.23,13.66,0.00
7.83,3.73,9.96,4.61,4.40,9.49,5.58,14.21,10.74,12.52,8.25,9.61,3.91,4.53,3.62,7.70,5.51,4.18,8.86,8.53,9.49,4.59,12.73,5.47,7.44,9.36,3.91,10.30,3.82,3.60,3.86,3.60,9.11,5.93,9.32,4.28,6.74,4.48,3.47,4.61,9.83,3.87,5.96,5.27,3.45,4.09,7.69,4.57,7.36,13.61,0.00
6.31,5.12,10.28,4.34,6.95,10.35,6.02,4.75,11.43,9.27,8.95,11.34,3.79,5.30,3.84,6.67,7.52,4.60,4.73,8.63,5.16,4.41,9.43,4.31,4.10,4.97,3.92,8.20,5.92,5.45,4.00,9.15,9.37,3.62,9.63,6.77,6.22,3.46,8.24,5.95,9.39,3.90,8.32,8.48,4.12,4.19,8.88,4.78,8.95,13.89,0.00
8.54,4.00,12.11,4.35,10.73,10.83,5.05,5.32,10.36,10.49,10.34,8.95,3.87,5.35,4.30,4.07,7.70,9.46,7.21,8.91,7.84,9.95,11.62,3.99,3.92,4.04,3.76,9.17,4.12,4.11,4.05,4.07,10.17,3.49,8.95,4.14,4.41,3.75,7.98,11.56,7.16,7.53,7.98,7.37,3.73,4.13,8.77,6.02,7.53,12.04,1.00
7.78,4.80,10.82,4.88,5.04,4.92,5.21,4.72,11.14,9.47,7.11,8.82,3.99,5.23,3.51,4.09,5.64,4.74,9.73,10.95,4.61,7.35,11.81,4.40,4.88,4.17,4.10,7.19,4.24,6.43,4.05,5.52,10.20,3.34,4.80,6.23,3.88,3.60,10.54,4.46,6.39,4.18,8.05,5.44,4.08,3.99,8.83,4.19,7.67,13.89,0.00
7.97,3.58,11.14,4.09,4.92,9.04,5.52,12.25,11.70,8.74,9.18,9.20,3.72,4.63,4.51,3.84,5.76,6.05,9.53,10.48,6.53,5.81,10.09,9.14,4.54,4.34,3.77,7.01,3.95,7.65,4.73,3.95,10.00,11.32,6.59,4.17,3.91,6.75,3.67,4.38,9.03,4.02,4.74,5.84,3.67,4.12,9.87,4.35,8.37,9.78,0.00
9.01,3.88,11.66,4.23,4.43,9.97,5.79,4.43,8.95,8.37,9.51,7.22,3.66,5.10,3.81,4.19,9.44,9.67,4.95,10.55,6.86,7.09,12.75,4.64,3.68,4.51,3.92,9.39,4.51,4.30,3.81,3.55,11.52,3.35,10.58,8.76,4.04,3.90,8.87,9.87,9.86,8.75,9.21,5.50,3.76,4.84,7.88,4.43,8.14,13.23,0.00
10.72,4.10,10.00,4.48,4.29,10.77,5.52,3.81,4.87,6.98,9.61,9.12,4.52,8.34,3.86,6.03,5.38,4.74,9.35,11.41,5.35,4.71,9.63,4.13,10.18,4.29,3.81,10.23,7.26,6.22,3.98,3.87,9.59,8.75,7.73,9.25,3.74,9.11,7.28,11.17,9.91,4.02,4.77,7.35,3.56,4.15,9.56,5.28,8.55,10.92,1.00
7.84,3.73,9.52,4.45,5.23,7.29,8.31,6.16,11.69,6.09,9.44,8.43,3.54,7.65,3.90,6.48,4.90,4.79,4.72,7.85,5.00,9.31,11.61,5.01,3.89,4.39,4.25,10.31,4.06,3.54,3.79,3.95,10.29,3.44,3.52,4.33,4.27,4.76,7.17,8.96,10.14,4.62,5.18,6.01,3.52,4.13,7.96,4.36,7.74,13.15,0.00
8.60,3.96,10.62,4.33,5.30,11.12,5.70,4.11,7.86,6.06,7.78,8.57,3.84,6.51,3.72,9.76,7.35,4.38,5.50,9.98,5.94,4.70,12.22,4.21,9.91,4.05,3.56,6.14,4.08,8.48,3.83,3.96,9.71,6.31,8.86,7.15,3.83,3.64,2.87,5.59,9.75,3.94,4.52,8.93,6.05,4.05,9.84,4.89,8.22,10.83,0.00
9.85,3.71,10.93,6.97,4.36,11.61,5.16,4.32,8.47,9.57,8.31,7.68,8.78,4.04,3.67,4.09,5.71,3.97,9.03,11.53,4.64,5.06,12.56,4.07,3.88,4.23,3.74,8.20,6.27,4.02,3.99,9.93,11.16,10.47,3.93,6.11,3.96,8.22,6.81,4.82,11.63,5.52,3.89,7.69,3.49,4.06,8.66,5.04,8.14,14.56,0.00
8.06,3.63,7.42,3.90,11.92,4.29,7.44,4.68,11.97,8.51,8.98,8.64,3.79,8.92,12.69,3.93,7.03,4.30,5.03,11.60,4.67,8.23,10.27,4.35,4.19,4.43,3.92,8.31,3.82,3.55,3.73,3.88,11.87,8.51,10.90,7.23,4.14,4.24,3.03,11.50,7.82,3.85,7.94,5.45,3.65,3.88,8.68,4.78,8.91,14.35,0.00
6.64,6.92,11.02,4.08,4.41,9.01,6.69,10.55,4.61,10.52,9.23,8.65,3.85,5.92,3.70,6.45,11.39,11.17,4.70,11.99,4.98,4.91,12.08,4.11,4.08,4.34,3.83,5.09,8.78,3.51,4.00,9.18,10.78,3.35,9.73,4.22,4.05,3.76,11.23,4.13,4.02,8.39,4.69,9.57,6.28,9.18,9.01,8.26,7.92,13.99,1.00
9.59,5.26,7.69,4.38,4.58,11.49,5.53,4.51,4.96,5.38,9.28,8.46,3.75,4.63,3.64,4.13,10.10,10.54,4.51,8.76,4.68,6.73,12.85,4.08,4.28,4.08,3.67,3.96,4.14,3.53,3.93,6.32,11.54,3.57,11.12,4.31,3.56,3.67,3.91,4.54,6.31,7.76,5.14,10.56,4.31,8.89,10.74,8.14,8.28,12.91,1.00
7.39,3.94,9.54,4.24,4.71,11.37,5.90,12.05,12.32,11.49,10.00,12.55,3.83,4.97,3.74,5.27,7.38,4.92,9.91,10.97,5.42,5.06,11.57,3.80,4.42,10.73,3.94,9.35,3.73,3.53,4.17,6.99,8.22,10.16,8.16,5.79,3.92,4.47,4.43,4.36,9.05,3.99,6.21,6.00,3.88,4.09,9.77,4.74,9.30,13.46,0.00
6.97,3.69,11.00,4.18,4.87,8.86,5.16,4.96,12.95,8.55,9.36,8.94,3.78,5.54,3.74,5.00,8.19,5.77,9.26,4.32,5.90,7.71,13.08,4.26,4.61,4.39,3.71,8.16,4.05,8.74,4.04,3.84,11.02,3.38,7.28,9.42,4.15,8.25,8.99,8.88,8.56,4.16,6.57,7.27,3.51,4.06,9.97,4.78,8.77,10.12,0.00
8.54,4.56,10.52,3.91,4.13,5.10,8.34,4.32,11.52,11.49,9.00,10.11,9.48,4.08,6.15,3.74,8.29,4.98,5.96,9.22,4.93,6.28,9.97,4.84,4.38,4.21,4.11,8.63,4.02,3.43,3.88,3.69,9.95,8.20,8.32,4.35,4.35,6.17,7.33,4.31,7.40,9.41,4.85,7.46,3.75,4.07,8.89,9.50,10.50,13.88,0.00
8.61,7.23,10.90,4.72,4.16,4.63,5.58,4.44,4.81,9.49,11.11,10.28,4.07,4.19,4.14,4.14,9.24,4.70,5.23,5.00,4.87,5.45,11.51,4.20,4.91,4.65,3.66,3.59,6.23,4.13,4.28,3.68,11.04,3.33,11.17,4.26,4.56,3.58,3.61,4.59,4.24,4.24,4.86,4.49,4.96,4.17,8.96,6.83,9.13,13.51,0.00
7.92,3.47,9.77,3.94,4.95,8.51,5.11,4.37,12.23,8.54,7.65,10.60,3.69,4.29,5.22,5.98,9.09,4.51,4.88,9.79,8.33,6.46,10.20,9.47,4.29,4.22,7.02,8.61,5.28,5.16,3.80,4.01,10.17,4.59,10.42,6.36,4.20,5.66,3.32,7.56,10.30,5.26,8.05,7.19,3.79,8.84,9.30,5.27,8.77,14.14,0.00
8.52,3.49,10.06,3.87,9.28,10.11,5.46,13.36,11.85,9.54,9.33,7.99,3.68,5.52,3.65,4.65,7.82,4.29,4.99,5.64,5.95,10.44,10.11,7.13,4.40,4.10,10.33,9.46,5.17,3.71,3.78,7.00,11.30,6.95,9.43,5.01,8.14,5.20,4.89,5.90,10.35,3.88,8.73,6.91,3.53,3.96,9.47,4.49,8.54,13.71,0.00
9.77,4.67,9.42,4.04,11.33,9.27,8.14,5.40,12.46,10.06,8.71,9.30,3.79,4.23,4.86,3.76,8.48,4.22,4.94,9.10,6.03,11.08,12.05,10.19,4.13,4.16,3.84,9.79,4.01,3.92,5.47,3.79,9.84,5.99,8.94,4.29,5.54,4.71,3.41,6.54,11.46,4.06,7.55,5.94,3.67,4.09,7.65,4.44,8.25,13.84,0.00
9.12,3.98,11.06,4.27,4.39,10.46,9.75,7.73,11.80,10.99,9.35,11.79,3.88,7.53,6.01,6.91,4.89,4.59,7.32,12.77,4.79,8.34,11.32,4.32,10.16,4.37,3.69,8.59,4.72,3.30,3.99,9.58,9.12,11.95,7.73,5.45,3.87,7.16,3.16,4.96,9.28,3.83,4.31,7.77,3.68,4.18,8.48,4.48,8.53,12.77,1.00
8.01,3.74,10.54,3.87,4.29,10.46,5.57,11.71,9.89,10.62,9.21,11.05,3.79,4.08,3.85,7.76,4.91,4.28,9.09,11.46,9.81,7.41,9.99,4.00,10.15,4.65,3.88,9.97,4.39,3.85,4.79,3.54,9.69,11.48,9.13,5.27,4.09,4.02,6.01,4.76,9.12,4.06,10.77,9.59,4.87,4.02,9.02,5.44,8.47,13.33,0.00
12.80,6.35,11.03,5.17,4.00,4.03,5.11,4.37,4.29,7.71,9.47,10.70,3.72,4.40,3.75,4.85,7.81,11.16,4.94,6.97,4.35,4.45,13.29,4.10,3.83,4.40,3.91,5.46,3.91,3.50,3.92,3.74,11.61,3.56,10.44,4.30,4.14,3.50,6.97,4.53,3.68,7.75,4.41,9.69,6.63,4.08,11.52,4.94,10.07,13.37,1.00
4.47,3.77,8.55,3.92,13.32,4.57,5.45,9.84,10.95,5.65,8.48,7.89,3.65,7.26,6.29,6.26,5.05,4.35,4.69,10.41,4.78,4.70,12.81,10.66,4.24,4.51,7.41,8.51,4.50,3.39,3.79,3.45,8.62,3.44,9.26,4.64,4.47,6.68,3.25,4.69,8.13,3.97,5.40,7.59,3.86,7.12,8.42,4.23,7.97,14.24,1.00
7.51,3.73,11.21,3.99,4.89,10.14,5.10,4.63,4.08,4.98,9.33,9.00,3.68,6.05,4.12,7.13,7.09,8.93,9.14,8.37,8.49,9.21,10.04,4.16,4.26,5.38,8.13,3.71,4.56,3.89,3.81,3.67,10.61,3.70,10.37,8.67,8.17,3.85,9.78,8.52,9.95,6.04,10.65,9.92,3.56,4.12,8.91,4.15,9.07,13.73,0.00
9.87,3.67,10.97,5.06,5.35,11.46,6.42,4.58,10.37,9.10,10.24,9.43,3.98,5.06,3.91,7.74,6.45,4.20,5.62,6.83,8.55,5.79,9.97,4.47,10.37,4.26,4.27,4.03,3.98,3.64,3.94,3.96,10.00,3.66,3.98,8.08,4.03,3.73,3.10,6.49,9.55,7.67,10.12,5.45,3.74,4.15,9.09,4.22,9.20,14.14,0.00
8.60,3.66,7.64,4.65,4.24,8.77,5.28,4.86,4.97,7.46,9.30,9.62,3.61,4.34,3.72,4.05,9.93,10.02,4.83,8.29,4.82,4.31,13.20,3.90,4.11,4.38,4.13,7.48,4.09,4.89,3.97,3.79,10.81,3.24,10.42,4.38,3.78,3.83,4.43,4.37,4.07,6.67,4.42,10.15,4.18,8.39,10.23,8.47,8.27,13.41,1.00
7.58,3.51,10.48,3.91,4.30,10.98,5.03,4.85,4.52,9.81,9.29,10.66,3.70,4.39,3.57,4.70,8.53,3.91,8.37,11.63,6.86,5.50,11.63,12.20,4.27,6.64,3.75,7.74,3.99,4.17,3.76,4.00,9.11,4.17,10.34,8.61,3.97,6.17,10.97,6.19,9.32,4.13,7.03,6.78,5.14,3.95,9.22,4.68,9.21,13.25,1.00
5.28,6.91,9.66,3.91,11.36,10.49,7.96,4.51,11.97,12.21,9.31,8.29,3.88,4.33,6.26,4.05,5.17,4.08,8.33,11.31,4.59,11.80,9.31,4.19,4.16,4.79,6.01,9.74,4.36,3.96,3.87,3.71,7.92,4.86,9.24,4.47,3.57,5.09,3.91,4.42,5.85,3.95,6.84,5.37,3.25,4.07,8.26,4.37,9.20,13.85,0.00
7.71,3.99,11.78,3.93,11.63,11.02,5.30,4.39,4.15,10.17,9.44,10.02,3.70,7.03,3.90,9.71,8.67,9.84,6.44,7.41,4.98,4.31,13.13,4.12,3.80,4.44,3.91,5.70,5.43,3.77,3.67,3.83,10.05,3.42,9.20,8.79,5.06,4.28,9.34,8.90,9.06,5.92,6.60,10.39,8.81,6.11,9.09,6.58,9.21,12.68,1.00
7.91,4.65,10.50,3.67,4.34,7.26,9.00,5.78,3.82,5.09,7.83,9.09,4.24,6.03,6.00,6.67,9.71,11.36,5.79,10.88,4.83,4.57,12.20,4.30,10.05,6.81,6.57,5.15,3.82,3.56,3.88,8.37,8.66,3.58,8.84,4.96,4.90,3.55,10.06,10.41,10.63,3.94,7.06,6.77,3.86,3.95,8.57,5.16,9.44,13.75,1.00
7.61,3.70,10.52,4.79,4.34,9.22,7.76,4.38,4.87,4.67,8.14,9.41,3.93,7.26,3.78,4.12,11.04,11.44,7.38,10.61,4.56,4.39,10.84,3.88,3.69,4.99,4.35,8.92,7.43,3.71,3.94,3.85,9.44,3.19,9.19,4.27,4.06,3.24,8.83,5.59,9.96,3.78,5.17,7.40,3.62,3.99,8.34,6.19,9.14,14.31,0.00
8.53,3.78,10.58,4.04,4.32,7.78,7.45,4.56,8.21,7.75,8.70,8.59,3.67,8.22,4.25,6.31,8.56,11.61,6.42,10.75,8.25,5.62,12.55,4.25,4.69,4.30,11.47,8.46,4.17,3.54,3.89,3.91,10.37,3.39,8.59,4.32,3.68,4.30,9.52,4.56,12.01,4.77,4.96,7.04,3.79,4.01,9.05,7.47,8.60,13.29,1.00
8.26,4.28,11.01,3.86,9.85,10.56,5.55,13.96,6.32,10.82,8.93,11.32,3.85,7.26,3.93,8.89,9.30,6.23,4.64,9.13,6.44,5.41,12.05,4.96,3.88,6.70,5.24,8.10,4.10,4.31,4.16,6.18,11.16,3.65,9.48,4.27,10.89,3.54,5.07,4.47,10.84,3.90,7.70,6.67,4.50,3.92,8.99,5.51,8.24,13.51,1.00
6.75,5.76,10.12,5.31,4.15,10.03,5.70,4.52,4.93,9.39,7.13,8.25,11.39,4.20,3.95,4.19,10.25,11.05,4.88,6.76,4.54,4.70,13.21,4.16,4.07,4.35,4.24,4.30,5.27,3.47,3.93,3.62,10.83,3.61,8.35,4.27,3.53,4.17,4.35,4.65,7.11,4.63,5.13,4.87,3.90,4.04,9.92,7.31,8.48,12.52,0.00
7.55,4.39,10.77,4.42,4.16,9.75,5.43,5.21,4.18,10.35,8.97,10.85,5.24,4.40,4.02,7.05,6.06,4.79,4.63,12.62,4.96,4.45,12.72,3.93,9.13,4.40,9.06,5.22,5.64,5.21,4.00,3.84,8.95,7.74,7.73,8.85,3.99,3.80,12.13,4.79,7.99,4.91,5.25,8.87,5.45,4.00,9.17,5.18,9.58,13.66,1.00
8.76,4.80,11.47,4.56,4.40,4.53,4.87,4.11,4.44,5.55,8.81,8.93,3.73,4.85,4.02,3.97,5.10,4.23,8.41,12.46,4.69,5.11,12.70,4.04,4.26,4.52,3.59,9.89,4.15,3.60,3.94,4.00,4.10,3.31,3.50,4.10,3.67,3.97,3.69,4.37,7.39,3.93,4.86,8.12,3.80,3.99,8.73,4.42,4.81,12.70,1.00
5.95,3.71,10.91,3.93,9.05,11.78,4.73,12.46,9.64,10.38,8.60,11.73,3.58,5.47,4.00,3.61,8.77,10.15,4.72,11.11,8.95,6.15,12.18,5.08,4.06,4.55,9.32,6.67,5.11,5.87,4.30,3.81,9.43,5.02,10.22,4.68,5.73,3.97,2.96,5.50,9.79,4.21,10.08,8.07,3.60,4.21,9.67,7.14,8.63,11.10,1.00
7.71,3.60,11.73,4.01,4.17,8.66,6.82,7.35,8.53,8.84,9.07,10.60,3.70,5.06,4.51,7.80,10.09,5.29,6.11,11.02,10.53,10.67,10.40,5.67,4.53,8.26,3.74,7.73,4.50,3.96,3.89,6.56,10.41,3.98,10.04,8.20,4.35,3.71,9.47,11.87,7.22,4.05,7.53,7.84,6.80,3.93,8.14,4.30,9.31,13.08,0.00
9.09,4.02,11.03,3.57,3.94,9.90,4.90,12.77,9.83,10.91,9.54,9.00,3.70,4.12,3.57,6.12,4.97,5.16,8.01,11.78,5.22,4.65,9.23,3.49,9.08,6.77,10.60,8.94,8.12,3.43,7.01,4.14,7.84,7.61,11.70,5.10,6.58,3.94,11.16,5.51,7.85,4.08,10.83,7.14,4.46,4.02,8.50,4.44,8.53,11.98,1.00
4.67,4.10,9.45,4.16,8.82,6.69,7.22,4.79,11.75,11.12,8.43,10.31,3.86,6.76,4.37,6.26,9.55,5.38,4.63,10.65,5.59,4.63,12.43,4.62,4.29,5.12,3.93,9.53,5.45,3.51,3.92,6.87,10.12,3.54,10.49,9.91,3.88,5.24,3.68,11.70,10.84,4.07,7.50,5.99,4.02,4.16,10.39,6.48,8.22,12.99,0.00
8.24,4.78,7.86,5.50,7.76,11.02,5.74,9.77,9.81,10.98,9.42,10.62,4.14,5.86,8.96,9.55,8.68,4.53,5.66,8.13,6.72,10.10,12.51,5.70,3.71,4.14,7.62,8.27,8.64,5.75,3.81,3.85,9.11,10.08,11.07,5.11,7.88,3.72,3.10,4.60,11.93,3.85,8.12,6.76,4.68,6.01,9.59,7.63,7.34,12.47,0.00
10.57,7.83,10.04,4.19,4.60,4.21,5.51,4.48,4.62,6.27,8.76,9.39,3.91,4.84,3.90,4.16,9.16,11.02,5.30,9.16,4.78,4.57,12.52,4.22,4.68,4.55,3.79,4.02,5.81,3.81,3.87,3.46,12.11,3.38,11.08,4.44,4.28,4.11,3.56,4.30,8.71,4.01,8.44,4.69,3.74,4.19,8.86,4.43,9.68,12.80,0.00
9.00,8.33,10.85,4.23,4.35,4.05,5.88,3.75,4.72,10.31,10.39,10.54,3.80,4.31,3.79,3.83,9.16,10.75,4.96,8.77,4.70,4.91,12.98,4.27,4.26,4.57,4.41,7.62,4.18,3.35,3.72,3.79,12.05,3.60,10.09,4.18,3.33,3.72,3.10,4.62,4.74,3.77,4.50,4.29,4.04,4.82,9.40,6.53,9.46,12.50,1.00
8.40,3.69,10.58,4.24,4.53,11.40,6.05,9.84,4.87,9.91,9.50,11.18,4.27,4.70,4.09,7.89,8.15,9.48,8.30,11.86,9.38,5.59,9.70,4.03,4.16,5.36,4.40,6.31,4.17,6.05,7.30,3.76,10.22,7.15,10.13,6.73,7.62,3.55,3.31,7.72,10.48,3.88,9.94,10.10,6.97,3.77,8.75,5.48,10.02,11.99,0.00
8.90,3.74,10.46,4.10,11.74,9.74,5.39,8.35,9.63,8.42,8.52,9.90,3.77,6.22,3.81,5.55,7.80,4.33,5.06,10.42,5.73,8.52,12.29,6.58,4.14,4.51,4.05,8.31,4.27,4.51,4.10,7.13,10.33,5.27,11.63,6.05,6.54,8.23,3.41,5.96,9.90,3.95,5.20,7.36,3.73,4.13,8.23,4.33,8.90,13.75,1.00
7.92,6.09,10.82,4.90,10.09,3.72,6.02,4.23,12.76,11.65,8.24,8.81,3.72,7.62,6.26,3.83,8.32,4.20,8.43,12.43,4.41,4.57,13.07,3.94,3.96,4.34,3.72,10.22,3.91,4.10,4.04,4.22,11.60,3.62,9.43,4.17,3.74,4.07,3.47,4.36,8.47,3.95,8.49,10.20,3.73,8.93,10.07,4.65,4.48,13.61,1.00
6.81,3.57,10.40,4.14,4.78,10.67,6.48,11.13,5.17,9.33,8.52,8.12,3.83,4.97,4.03,6.38,8.03,9.60,4.71,10.61,5.82,4.45,12.67,3.98,4.24,4.93,9.84,5.64,3.94,6.26,3.81,7.51,9.90,3.43,7.92,7.78,6.59,3.90,9.95,5.26,9.54,5.87,6.75,9.59,4.37,4.08,9.46,5.11,8.24,12.86,1.00
5.00,6.32,8.43,3.84,10.91,3.94,9.22,6.45,12.64,12.26,8.04,9.84,3.73,7.00,10.69,4.07,5.32,5.10,4.87,10.77,4.70,5.11,11.92,6.44,3.74,8.71,3.61,8.73,3.93,3.67,3.79,3.62,8.78,3.79,10.05,6.82,5.82,5.50,5.48,8.77,8.67,4.63,8.17,9.21,3.84,8.81,9.75,4.76,7.07,13.19,1.00
8.44,3.70,9.74,4.96,4.37,6.09,5.53,4.39,7.42,7.71,9.87,6.83,3.95,4.58,3.54,8.39,9.93,5.17,7.91,11.41,4.53,4.58,12.90,6.44,4.20,4.42,3.88,7.97,4.04,4.04,4.02,3.54,9.91,3.30,4.02,5.91,4.59,3.56,9.85,4.58,4.24,4.78,4.86,6.51,5.27,4.39,8.85,4.70,8.54,13.46,0.00
5.45,3.75,8.01,3.80,6.48,9.07,4.68,8.17,4.51,5.16,8.08,9.53,4.13,5.76,4.37,5.03,4.82,4.88,8.12,4.55,9.66,4.25,10.16,7.05,3.54,4.27,8.62,6.83,7.63,5.90,4.19,3.47,3.62,11.24,10.26,4.42,7.37,3.93,8.85,4.35,12.09,3.80,10.46,10.07,5.39,3.79,10.18,4.88,7.08,9.81,0.00
7.70,3.54,9.23,3.60,10.59,9.53,8.00,13.78,12.91,10.78,8.76,8.23,3.85,6.51,4.29,5.35,5.54,4.92,4.52,10.09,4.64,8.91,12.71,11.59,3.97,4.42,3.94,8.33,6.29,3.64,9.47,3.87,10.31,3.44,9.16,5.08,4.50,3.67,7.15,4.89,10.76,4.94,10.23,8.07,4.47,4.14,8.85,6.66,8.07,14.11,1.00
8.31,4.16,10.79,4.09,4.43,11.28,5.86,5.10,4.62,6.69,11.56,8.62,3.75,4.38,4.12,5.29,5.24,4.43,6.00,12.70,4.69,4.74,12.31,3.85,3.91,4.47,3.84,8.93,4.09,8.81,4.03,6.88,7.70,3.91,3.66,5.84,3.89,7.63,5.89,4.44,7.93,4.09,4.62,7.87,3.60,3.85,9.33,4.87,7.37,12.30,1.00
10.37,5.04,10.12,6.72,4.83,7.20,4.99,3.78,4.80,8.87,8.89,10.29,3.81,4.40,3.50,4.15,9.55,8.10,5.07,10.74,4.67,5.00,13.04,4.05,4.08,4.92,3.83,4.72,8.61,3.80,3.75,3.87,11.32,3.56,9.31,4.23,3.82,3.76,3.22,4.36,6.95,4.04,4.44,4.41,4.07,4.06,8.66,5.28,9.71,13.59,0.00
8.14,4.31,10.70,4.09,4.63,10.32,6.27,4.35,5.07,8.09,7.81,8.01,3.97,6.63,3.76,6.52,5.60,4.82,4.89,8.02,9.55,4.21,9.81,4.14,4.09,5.48,3.92,9.18,4.01,6.52,4.09,3.97,11.64,4.66,8.99,4.52,4.33,3.96,7.58,4.45,8.97,6.05,4.28,7.03,4.03,4.05,8.39,4.65,10.11,14.25,0.00
8.40,4.62,10.57,4.42,4.59,11.08,5.01,3.91,4.63,9.85,8.67,11.10,3.74,4.33,3.71,6.97,8.60,3.90,7.91,8.63,4.54,4.62,9.29,11.39,4.32,4.20,7.00,3.98,4.03,3.83,4.00,7.76,10.75,4.05,8.86,6.75,3.79,10.51,3.31,8.85,9.37,4.80,6.22,7.48,4.16,8.96,10.71,3.99,7.65,13.08,1.00
9.14,3.91,10.61,4.71,4.16,6.73,5.93,4.72,4.49,4.42,8.72,8.02,3.87,8.51,3.78,8.40,9.52,10.65,9.48,9.81,4.57,5.04,12.28,4.17,8.97,4.76,13.60,4.99,3.84,3.44,3.93,6.83,9.35,5.29,7.98,4.23,3.93,3.96,9.95,5.51,10.89,6.34,4.83,9.75,3.53,4.03,7.94,4.77,8.30,13.49,1.00
7.10,3.78,10.50,4.29,4.17,10.22,6.26,4.58,5.60,4.71,9.27,8.52,3.75,9.28,3.88,6.93,10.92,9.80,8.34,11.58,4.87,8.52,11.04,4.17,5.33,7.86,10.43,5.14,4.66,3.60,4.04,3.56,8.15,3.28,9.26,4.43,4.22,3.88,10.73,4.20,11.12,4.52,7.02,7.32,7.03,3.93,8.08,4.19,8.41,12.42,0.00
7.89,3.65,9.99,4.53,4.08,9.56,5.70,4.67,9.71,9.60,9.10,10.23,3.62,7.81,4.40,4.23,9.89,9.26,8.79,8.03,5.36,4.57,8.84,3.86,4.53,5.11,7.21,8.30,3.82,3.42,3.90,6.39,3.64,3.38,7.46,4.35,3.81,3.40,10.22,6.86,10.82,3.85,5.51,6.35,3.41,3.99,9.36,4.83,8.73,9.17,1.00
7.80,3.73,9.59,4.32,4.48,9.43,7.34,4.32,5.12,4.54,8.10,11.22,4.12,7.70,4.43,5.54,8.72,10.02,8.24,10.02,4.79,5.07,12.59,4.48,4.32,4.56,4.13,7.00,3.91,3.91,3.72,4.01,4.51,3.47,8.87,4.26,3.83,4.27,10.10,4.61,10.89,4.07,5.15,6.14,4.92,4.12,9.07,5.21,8.36,10.59,1.00
7.02,3.89,10.53,3.72,4.20,10.64,5.19,5.47,5.90,9.40,7.95,9.55,4.43,4.16,3.95,8.63,7.54,9.30,8.64,9.85,4.30,4.33,10.89,3.73,3.67,5.72,8.64,4.10,3.97,4.15,3.89,3.35,10.16,9.93,9.03,5.16,7.91,3.52,10.33,4.52,8.97,3.73,8.88,10.77,4.37,4.01,9.33,4.99,9.72,14.23,0.00
8.04,7.70,10.66,4.89,12.17,9.80,4.88,4.31,10.86,10.91,9.19,9.93,3.67,7.02,6.19,4.15,6.09,4.70,9.80,12.29,4.42,11.11,10.00,3.96,4.05,4.19,11.42,10.63,4.12,3.64,3.97,3.64,9.81,3.57,8.14,4.38,3.40,3.74,7.88,4.19,4.49,5.32,7.81,6.47,3.68,3.93,8.83,4.13,6.99,12.61,1.00
4.06,7.30,11.43,4.31,13.58,5.55,5.43,4.77,12.64,10.01,8.87,9.20,3.74,4.39,9.01,4.24,5.09,4.80,10.91,10.84,4.34,11.24,9.82,3.75,4.20,4.34,11.45,8.55,3.88,3.60,3.97,3.66,9.19,3.82,5.61,5.96,3.96,3.71,3.69,4.77,4.34,4.09,8.46,4.73,3.34,4.06,9.76,4.13,7.37,13.64,0.00
